service_id,monday,tuesday,wednesday,thursday,friday,saturday,sunday,start_date,end_date
BUS419-1-Wdy-02,1,1,1,1,1,0,0,20190905,20191220
BUS419-10-Wdy-02,1,1,1,1,1,0,0,20190905,20191220
BUS419-11-Sa-02,0,0,0,0,0,1,0,20190907,20191221
BUS419-12-Su-02,0,0,0,0,0,0,1,20190908,20191117
BUS419-13-Wdy-02,1,1,1,1,1,0,0,20190905,20191220
BUS419-14-Sa-02,0,0,0,0,0,1,0,20190907,20191221
BUS419-15-Su-02,0,0,0,0,0,0,1,20190908,20191215
BUS419-16-Su-02,0,0,0,1,0,0,0,20191128,20191128
BUS419-17-Wdy-02,1,0,0,0,1,0,0,20191014,20191014
BUS419-18-Wdy-02,1,1,1,1,1,0,0,20190905,20191220
BUS419-19-Sa-02,0,0,0,0,0,1,0,20190907,20191221
BUS419-1A-Wdy-02,1,0,0,0,1,0,0,20191014,20191014
BUS419-2-Wdy-02,1,0,0,0,1,0,0,20191014,20191014
BUS419-3-Wdy-02,1,1,1,1,1,0,0,20190905,20191220
BUS419-4-Sa-02,0,0,0,0,0,1,0,20190907,20191221
BUS419-5-Su-02,0,0,0,0,0,0,1,20190908,20191215
BUS419-6-Su-02,0,0,0,1,0,0,0,20191128,20191128
BUS419-7-Wdy-02,1,0,0,0,1,0,0,20191014,20191014
BUS419-8-Wdy-02,1,1,1,1,1,0,0,20190905,20191220
BUS419-9-Sa-02,0,0,0,0,0,1,0,20190907,20191221
BUS419-A-Su-02,0,0,0,0,0,0,1,20190908,20191215
BUS419-B-Su-02,0,0,0,1,0,0,0,20191128,20191128
BUS419-C-Wdy-02,1,0,0,0,1,0,0,20191014,20191014
BUS419-D-Wdy-02,1,1,1,1,1,0,0,20190905,20191220
BUS419-E-Wdy-02,1,0,0,0,1,0,0,20191014,20191014
BUS419-F-Wdy-02,1,1,1,1,1,0,0,20190905,20191220
BUS419-G-Sa-02,0,0,0,0,0,1,0,20190907,20191221
BUS419-H-Su-02,0,0,0,0,0,0,1,20190908,20191215
BUS419-I-Su-02,0,0,0,1,0,0,0,20191128,20191128
BUS419-J-Wdy-02,1,0,0,0,1,0,0,20191014,20191014
BUS419-K-Wdy-02,1,1,1,1,1,0,0,20190905,20191220
BUS419-L-Sa-02,0,0,0,0,0,1,0,20190907,20191221
BUS419-M-Su-02,0,0,0,0,0,0,1,20190908,20191215
BUS419-N-Su-02,0,0,0,1,0,0,0,20191128,20191128
BUS419-O-Wdy-02,1,0,0,0,1,0,0,20191014,20191014
BUS419-P-Wdy-02,1,1,1,1,1,0,0,20190905,20191220
BUS419-Q-Sa-02,0,0,0,0,0,1,0,20190907,20191221
BUS419-R-Su-02,0,0,0,0,0,0,1,20190908,20191215
BUS419-S-Su-02,0,0,0,1,0,0,0,20191128,20191128
BUS419-T-Wdy-02,1,0,0,0,1,0,0,20191014,20191014
BUS419-U-Su-02,0,0,0,1,0,0,0,20191128,20191128
BUS419-V-Wdy-02,0,0,0,0,1,0,0,20191129,20191129
BUS419-W-Wdy-02,1,0,0,0,0,0,0,20191014,20191014
BUS419-X-Wdy-02,1,1,1,0,0,0,0,20191125,20191127
BUS419-Y-Sa-02,0,0,0,0,0,1,0,20191123,20191130
BUS419-Z-Su-02,0,0,0,0,0,0,1,20191124,20191201
Boat-F1-Frd,0,0,0,0,1,0,0,20190906,20191220
Boat-F1-FrdSmr,0,0,0,0,1,0,0,20190906,20191011
Boat-F1-Snd,0,0,0,0,0,0,1,20190908,20191013
Boat-F1-Std,0,0,0,0,0,1,0,20190907,20191012
Boat-F1-Wkd,1,1,1,1,0,0,0,20191015,20191219
Boat-F1-WkdSmr,1,1,1,1,0,0,0,20190905,20191014
Boat-F4-Snd,0,0,0,0,0,0,1,20190908,20191215
Boat-F4-Std,0,0,0,0,0,1,0,20190907,20191221
Boat-F4-Wkd,1,1,1,1,1,0,0,20190905,20191220
CR-Foxboro-Su-1300,0,0,0,0,0,0,1,20190922,20190922
CR-Foxboro-Su-1625,0,0,0,1,0,0,1,20191124,20191128
CR-Foxboro-Su-2020,0,0,0,1,0,0,0,20191010,20191010
CR-Foxboro-Su-2030,0,0,0,0,0,0,1,20190908,20190908
CR-Foxboro-SuExtra-1300,0,0,0,0,0,0,1,20190922,20190922
CR-Sa-Fairmount-Spr-19,0,0,0,0,0,1,0,20190907,20191221
CR-Sa-Fitchburg-Spr-19,0,0,0,0,0,1,0,20191102,20191221
CR-Sa-Fitchburg-Spr-19-FtgGLX,0,0,0,0,0,1,0,20190907,20191026
CR-Sa-Franklin-Spr-19,0,0,0,0,0,1,0,20191130,20191221
CR-Sa-Greenbush-Spr-19,0,0,0,0,0,1,0,20190907,20191221
CR-Sa-Haverhill-Spr-19,0,0,0,0,0,1,0,20190907,20191221
CR-Sa-Kingston-Spr-19,0,0,0,0,0,1,0,20190907,20191221
CR-Sa-Lowell-Spr-19,0,0,0,0,0,1,0,20190907,20191221
CR-Sa-Middleborough-Spr-19,0,0,0,0,0,1,0,20190907,20191221
CR-Sa-Needham-Spr-19,0,0,0,0,0,1,0,20191019,20191221
CR-Sa-Newburyport-Spr-19,0,0,0,0,0,1,0,20190907,20191221
CR-Sa-Providence-Spr-19,0,0,0,0,0,1,0,20190907,20191221
CR-Sa-Worcester-Spr-19,0,0,0,0,0,1,0,20190907,20191221
CR-Su-Fairmount-Spr-19,0,0,0,0,0,0,1,20190908,20191215
CR-Su-Fitchburg-Spr-19,0,0,0,0,0,0,1,20191103,20191215
CR-Su-Fitchburg-Spr-19-FtgGLX,0,0,0,0,0,0,1,20190908,20191027
CR-Su-Franklin-Spr-19,0,0,0,0,0,0,1,20191201,20191215
CR-Su-Greenbush-Spr-19,0,0,0,0,0,0,1,20190908,20191215
CR-Su-Haverhill-Spr-19,0,0,0,0,0,0,1,20190908,20191215
CR-Su-Kingston-Spr-19,0,0,0,0,0,0,1,20190908,20191215
CR-Su-Lowell-Spr-19,0,0,0,0,0,0,1,20190908,20191215
CR-Su-Middleborough-Spr-19,0,0,0,0,0,0,1,20190908,20191215
CR-Su-Newburyport-Spr-19,0,0,0,0,0,0,1,20190908,20191215
CR-Su-Providence-Spr-19,0,0,0,0,0,0,1,20190908,20191215
CR-Su-Worcester-Spr-19,0,0,0,0,0,0,1,20190908,20191215
CR-Wdy-Fairmount-Spr-19,1,1,1,1,1,0,0,20190905,20191220
CR-Wdy-Fitchburg-Spr-19,1,1,1,1,1,0,0,20190905,20191220
CR-Wdy-Franklin-Spr-19,1,1,1,1,1,0,0,20190905,20191220
CR-Wdy-Greenbush-Spr-19,1,1,1,1,1,0,0,20190905,20191220
CR-Wdy-Haverhill-Spr-19,1,1,1,1,1,0,0,20191101,20191220
CR-Wdy-Haverhill-Spr-19-BllMlnCnr,1,1,1,1,1,0,0,20190905,20191031
CR-Wdy-Kingston-Spr-19,1,1,1,1,1,0,0,20190905,20191220
CR-Wdy-Lowell-Spr-19,1,1,1,1,1,0,0,20190905,20191220
CR-Wdy-Middleborough-Spr-19,1,1,1,1,1,0,0,20190905,20191220
CR-Wdy-Needham-Spr-19,1,1,1,1,1,0,0,20190905,20191220
CR-Wdy-Newburyport-Spr-19,1,1,1,1,1,0,0,20190905,20191220
CR-Wdy-Providence-Spr-19,1,1,1,1,1,0,0,20190905,20191220
CR-Wdy-Worcester-Spr-19,1,1,1,1,1,0,0,20190905,20191220
CRSaFranklinSpr19FrgPrkRdlFrgPrkSthStn,0,0,0,0,0,1,0,20190907,20191123
CRSuFranklinSpr19FrgPrkRdlFrgPrkSthStn,0,0,0,0,0,0,1,20190908,20191124
LRV219-1-Wdy-01,0,1,1,0,0,0,0,20190917,20190918
LRV419-1-RedSox-01-CldCrlStMrNwnHgsKnr,0,0,0,0,1,0,0,20190927,20190927
LRV419-1-RedSox-01-NwnHgsKnr,1,0,0,1,0,0,0,20190905,20190909
LRV419-1-Wdy-01,0,0,1,0,1,0,0,20191127,20191129
LRV419-1-Wdy-01-BbkBCNwnHgsKnr,0,0,0,0,1,0,0,20191101,20191122
LRV419-1-Wdy-01-NwnHgsKnr,1,1,1,1,1,0,0,20190910,20191220
LRV419-2-Sa-01,0,0,0,0,0,1,0,20191130,20191130
LRV419-2-Sa-01-BbkBCNwnHgsKnrW,0,0,0,0,0,1,0,20191116,20191123
LRV419-2-Sa-01-CldCrlStMr,0,0,0,0,0,1,0,20190928,20190928
LRV419-2-Sa-01-NwnHgsKnrW,0,0,0,0,0,1,0,20190914,20191109
LRV419-3-Su-01,0,0,0,0,0,0,1,20191201,20191201
LRV419-3-Su-01-BbkBCNwnHgsKnrW,0,0,0,0,0,0,1,20191117,20191124
LRV419-3-Su-01-CldCrlStMr,0,0,0,0,0,0,1,20190908,20190908
LRV419-3-Su-01-NwnHgsKnrW,0,0,0,0,0,0,1,20190915,20191027
LRV419-4-Su-01,0,0,0,1,0,0,0,20191128,20191128
LRV419-5-Wdy-01,1,1,1,1,1,0,0,20190905,20191220
LRV419-5-Wdy-01-Mtn,0,0,1,1,1,0,0,20190925,20190926
LRV419-6-Sa-01,0,0,0,0,0,1,0,20190907,20191221
LRV419-6-Sa-01-Mtn,0,0,0,0,0,1,0,20191005,20191005
LRV419-7-Su-01,0,0,0,0,0,0,1,20190908,20191215
LRV419-7-Su-01-Mtn,0,0,0,0,0,0,1,20191006,20191006
LRV419-8-Su-01,0,0,0,1,0,0,0,20191128,20191128
PRIV419-1-Wdy-01,1,1,1,1,1,0,0,20190905,20191220
PRIV419-2-Sa-01,0,0,0,0,0,1,0,20190907,20191221
PRIV419-3-Wdy-01,1,0,0,0,1,0,0,20191014,20191014
PRIV419-4-Wdy-01,1,1,1,1,1,0,0,20190905,20191220
PRIV419-5-Sa-01,0,0,0,0,0,1,0,20190907,20191221
PRIV419-6-Su-01,0,0,0,0,0,0,1,20190908,20191215
PRIV419-7-Su-01,0,0,0,1,0,0,0,20191128,20191128
PRIV419-8-Wdy-01,1,0,0,0,1,0,0,20191014,20191014
PRIV419-9-Wdy-01,1,1,1,1,1,0,0,20190905,20191220
PRIV419-A-Sa-01,0,0,0,0,0,1,0,20190907,20191221
PRIV419-B-Su-01,0,0,0,0,0,0,1,20190908,20191215
PRIV419-C-Su-01,0,0,0,1,0,0,0,20191128,20191128
PRIV419-D-Wdy-01,1,0,0,0,1,0,0,20191014,20191014
RTL419-1-Wdy-01,1,1,1,1,1,0,0,20190905,20191220
RTL419-1-Wdy-01-BlNBwn,0,0,1,1,0,0,0,20190911,20190912
RTL419-1-Wdy-01-OrtHgsWnd,0,1,1,0,0,0,0,20190917,20190924
RTL419-2-Sa-01,0,0,0,0,0,1,0,20190907,20191221
RTL419-3-Su-01,0,0,0,0,0,0,1,20190908,20191215
RTL419-4-Su-01,0,0,0,1,0,0,0,20191128,20191128
RTL419-5-Wdy-01,0,0,0,0,1,0,0,20191004,20191220
RTL419-5-Wdy-01-FrtHlsRgs,0,0,0,0,1,0,0,20190906,20190927
RTL419-5-Wdy-01-OkGrvSln,1,1,1,1,0,0,0,20190930,20191003
RTL419-5-Wdy-01-OkGrvWln,1,1,1,1,0,0,0,20190905,20191219
RTL419-6-Sa-01,0,0,0,0,0,1,0,20191005,20191221
RTL419-6-Sa-01-FrtHlsRgs,0,0,0,0,0,1,0,20190907,20190928
RTL419-7-Su-01,0,0,0,0,0,0,1,20191006,20191215
RTL419-7-Su-01-FrtHlsRgs,0,0,0,0,0,0,1,20190908,20190929
RTL419-8-Su-01,0,0,0,1,0,0,0,20191128,20191128
RTL419-9-Wdy-01,1,1,1,1,1,0,0,20190905,20191220
RTL419-A-Sa-01,0,0,0,0,0,1,0,20190907,20191221
RTL419-B-Su-01,0,0,0,0,0,0,1,20190908,20191215
RTL419-C-Su-01,0,0,0,1,0,0,0,20191128,20191128
